[[ -5.69192593   9.6696151   -0.52454584   2.75433474   0.37689126]
 [ -6.59473056   8.29952517  -0.50813518   1.46547182   1.24477446]
 [ -6.99093087   5.50512877  -0.93836504  -1.75738766  -0.50632293]
 [ -8.51764453   3.47889092   2.03482479  -2.47058849  -0.49361653]
 [-10.23506616   1.83604288   0.45111884  -2.680695    -0.85793194]
 [  3.30893823  -4.41807072  -2.14020283  14.00871609  -9.53563081]
 [  1.08298851  -6.63983604  -0.05926995   9.39370494  12.12616976]
 [ -0.98602616  -9.48952312  -2.47639515  -2.64066611  -0.70001889]
 [ -0.08343648  -9.08705145  -2.01397293  -6.50378175  -1.98784417]
 [ -1.84621819  -9.46761259   2.99862412  -5.94260963  -0.17658394]
 [ 19.46727189   6.16818542 -14.76517891  -4.17177343   0.98764552]
 [ 17.08678026   4.14470565  17.94149807  -1.45472552  -0.47753179]]
[0.29664607 0.17665368 0.1707098  0.12432465 0.07392118]