          0         1         2         3         4         5         6  \
0  0.053333  0.053333  0.053333  0.053333  0.053333  0.053333  0.053333   
1  0.053333  0.053333  0.053333  0.053333  0.053333  0.053333  0.053333   
2  0.026667  0.026667  0.026667  0.026667  0.026667  0.026667  0.026667   
3  0.013333  0.013333  0.013333  0.013333  0.013333  0.013333  0.013333   
4  0.213333  0.213333  0.213333  0.213333  0.213333  0.213333  0.213333   
5  0.106667  0.106667  0.106667  0.106667  0.106667  0.106667  0.106667   
6  0.213333  0.213333  0.213333  0.213333  0.213333  0.213333  0.213333   
7  0.106667  0.106667  0.106667  0.106667  0.106667  0.106667  0.106667   
8  0.213333  0.213333  0.213333  0.213333  0.213333  0.213333  0.213333   

          7         8  
0  0.053333  0.053333  
1  0.053333  0.053333  
2  0.026667  0.026667  
3  0.013333  0.013333  
4  0.213333  0.213333  
5  0.106667  0.106667  
6  0.213333  0.213333  
7  0.106667  0.106667  
8  0.213333  0.213333