[[ 1.          0.95143789  0.86689209  0.82438435  0.78539977  0.47470509
   0.48570864  0.4535098   0.45284533  0.42696499  0.10830417  0.11182776]
 [ 0.95143789  1.          0.91205708  0.8767935   0.83746679  0.469081
   0.52840469  0.5030972   0.49106304  0.51706132  0.1086949   0.10372852]
 [ 0.86689209  0.91205708  1.          0.96110682  0.9239125   0.47732841
   0.51808095  0.61044132  0.61028188  0.5778934   0.13720439  0.10869286]
 [ 0.82438435  0.8767935   0.96110682  1.          0.96377776  0.45027193
   0.52281732  0.59752746  0.63439742  0.64569678 -0.01833052  0.13278185]
 [ 0.78539977  0.83746679  0.9239125   0.96377776  1.          0.43317758
   0.49760357  0.59796824  0.62204682  0.66636132 -0.07753204 -0.01726937]
 [ 0.47470509  0.469081    0.47732841  0.45027193  0.43317758  1.
   0.52786473  0.45226487  0.42396157  0.39186745  0.09332725  0.07133483]
 [ 0.48570864  0.52840469  0.51808095  0.52281732  0.49760357  0.52786473
   1.          0.52393111  0.49176841  0.49979357  0.03944634  0.08874362]
 [ 0.4535098   0.5030972   0.61044132  0.59752746  0.59796824  0.45226487
   0.52393111  1.          0.65667278  0.603821    0.07534923  0.02411641]
 [ 0.45284533  0.49106304  0.61028188  0.63439742  0.62204682  0.42396157
   0.49176841  0.65667278  1.          0.67783199  0.13904288  0.07395681]
 [ 0.42696499  0.51706132  0.5778934   0.64569678  0.66636132  0.39186745
   0.49979357  0.603821    0.67783199  1.         -0.02607468  0.12856268]
 [ 0.10830417  0.1086949   0.13720439 -0.01833052 -0.07753204  0.09332725
   0.03944634  0.07534923  0.13904288 -0.02607468  1.         -0.02393489]
 [ 0.11182776  0.10372852  0.10869286  0.13278185 -0.01726937  0.07133483
   0.08874362  0.02411641  0.07395681  0.12856268 -0.02393489  1.        ]]
特征值
[6.61710132 1.11466986 1.07402819 1.01100468 0.76935686 0.4583188
 0.38378124 0.29466015 0.19131156 0.04169806 0.02704136 0.01702793]
特征向量
0
[0.3313509  0.34880683 0.36662091 0.3668751  0.35818486 0.23540393
 0.26123204 0.28324672 0.28771286 0.2854249  0.03109767 0.04622461]
1
[ 0.34227799  0.30636078  0.20524819  0.22148608  0.21371932 -0.2917872
 -0.29983446 -0.37405042 -0.38979633 -0.28017867 -0.3242825   0.03969125]
2
[-0.20749126 -0.17143521 -0.12795146  0.04475144  0.07700763 -0.05989286
  0.08272447  0.10242969  0.0836166   0.29699739 -0.8456484   0.26834709]
3
[-0.07608457 -0.04805166 -0.01105542  0.01733767  0.1835231  -0.09164777
 -0.05380148  0.12253008  0.05084758  0.03619379 -0.21629557 -0.93851577]
4
[-0.13261895 -0.06998919  0.08960736  0.11691188  0.11306303 -0.67414386
 -0.45151279  0.13202377  0.33044777  0.29155797  0.24231007  0.11980251]