--------------------
花叶类
[0.30517476 0.14423521 0.10104663 0.06445789 0.05278455 0.04598133
 0.03793324 0.03582994 0.02953106 0.0267873  0.02473438]
特征值
[6.10349571 2.88470434 2.0209327  1.28915793 1.05569116 0.91962665
 0.75866494 0.71659878 0.5906213  0.12486134 0.5357461  0.49468759
 0.41511161 0.39659811 0.22643149 0.24592092 0.33140127 0.31438973
 0.29859763 0.27676223]
特征向量
0
[ 0.09936724 -0.30079815  0.24508837  0.14662248 -0.10641718  0.29395014
 -0.35091597 -0.03949887  0.13605673  0.1189167  -0.24670518  0.11728103
 -0.28096319  0.14632888 -0.29325001 -0.28858554 -0.32780175  0.08364385
  0.26744     0.18102957]
[ 0.03032437 -0.09179601  0.07479478  0.04474548 -0.03247584  0.08970616
 -0.1070907  -0.01205406  0.04152108  0.03629038 -0.0752882   0.03579121
 -0.08574288  0.04465588 -0.0894925  -0.08806902 -0.10003682  0.02552599
  0.08161594  0.05524566]
1
[-0.19311394 -0.12372895 -0.17564152  0.29320985  0.02305649 -0.15623075
 -0.12713735  0.32000471 -0.22262855  0.32873391 -0.00130957 -0.30832548
 -0.05379542 -0.30890004 -0.12716417 -0.09662168 -0.12682089  0.40594974
 -0.080852   -0.35091084]
[-0.02785383 -0.01784607 -0.02533369  0.04229118  0.00332556 -0.02253397
 -0.01833768  0.04615595 -0.03211087  0.047415   -0.00018889 -0.04447139
 -0.00775919 -0.04455426 -0.01834155 -0.01393625 -0.01829204  0.05855224
 -0.0116617  -0.0506137 ]
2
[ 0.00056466  0.00569965  0.25113032  0.24282568  0.27747842  0.20936561
  0.11446202  0.18980899  0.38885947  0.24548472  0.28231023 -0.24702023
  0.25990376  0.29178258  0.06242135  0.25667069  0.11370285  0.15121324
  0.31228592  0.0026714 ]
[ 5.70564918e-05  5.75930159e-04  2.53758720e-02  2.45367158e-02
  2.80382582e-02  2.11556884e-02  1.15660012e-02  1.91795580e-02
  3.92929378e-02  2.48054029e-02  2.85264970e-02 -2.49605611e-02
  2.62623981e-02  2.94836454e-02  6.30746717e-03  2.59357076e-02
  1.14892894e-02  1.52795881e-02  3.15554385e-02  2.69935795e-04]
3
[ 0.20184137 -0.20454942 -0.0989027  -0.24276792  0.47271689  0.08177757
 -0.11635298  0.24787368 -0.24538137  0.18837496  0.40619022  0.19974972
  0.09500099 -0.18505718 -0.23455134  0.00316641 -0.15162737 -0.30920597
 -0.0212386   0.1601244 ]
[ 0.01301027 -0.01318482 -0.00637506 -0.01564831  0.03047033  0.00527121
 -0.00749987  0.01597742 -0.01581677  0.01214225  0.02618217  0.01287545
  0.00612356 -0.0119284  -0.01511868  0.0002041  -0.00977358 -0.01993076
 -0.001369    0.01032128]
4
[ 0.38678873 -0.25830805 -0.36499697 -0.149576   -0.45474042  0.12903773
 -0.0501247  -0.23986062  0.12172144  0.2036716   0.09205217 -0.14574506
  0.27326627  0.00246807 -0.19812092  0.31704256 -0.01687144  0.15420476
 -0.13425388  0.04517443]
[ 0.02041647 -0.01363468 -0.0192662  -0.0078953  -0.02400327  0.0068112
 -0.00264581 -0.01266094  0.00642501  0.01075071  0.00485893 -0.00769309
  0.01442424  0.00013028 -0.01045772  0.01673495 -0.00089055  0.00813963
 -0.00708653  0.00238451]
5
[-0.72724081 -0.29847566 -0.07143975 -0.09439669  0.02102704 -0.04711705
 -0.13992257 -0.25054478  0.05373991 -0.2519941   0.23246706 -0.17270676
  0.080266    0.13714388 -0.2390982   0.136749   -0.13930176 -0.0789249
 -0.03271555  0.07017299]
[-0.0334395  -0.01372431 -0.00328489 -0.00434049  0.00096685 -0.0021665
 -0.00643383 -0.01152038  0.00247103 -0.01158702  0.01068914 -0.00794129
  0.00369074  0.00630606 -0.01099405  0.0062879  -0.00640528 -0.00362907
 -0.0015043   0.00322665]
6
[-0.1135454   0.04848701 -0.12398454  0.38815147  0.25137225  0.05455729
  0.05466806 -0.50706461 -0.16285522  0.24118955  0.04760274  0.51129093
  0.09336812  0.00728202  0.0298333   0.03777413  0.07531189  0.31297348
 -0.10163986  0.13796363]
[-0.00430715  0.00183927 -0.00470314  0.01472384  0.00953536  0.00206953
  0.00207374 -0.01923461 -0.00617763  0.0091491   0.00180573  0.01939492
  0.00354176  0.00027623  0.00113167  0.0014329   0.00285682  0.0118721
 -0.00385553  0.00523341]
7
[-0.27228413 -0.03049936  0.13872858  0.04827101 -0.46833746  0.06632652
  0.08359127  0.38297944 -0.37935997  0.2108962  -0.06919283  0.36087329
  0.21659305  0.20970867 -0.10655852  0.17204222  0.1734124  -0.15365207
  0.12963791  0.01472423]
[-0.00975592 -0.00109279  0.00497064  0.00172955 -0.0167805   0.00237647
  0.00299507  0.01372213 -0.01359244  0.0075564  -0.00247917  0.01293007
  0.00776052  0.00751385 -0.00381798  0.00616426  0.00621336 -0.00550534
  0.00464492  0.00052757]
8
[-0.24555608  0.11690065  0.13404006 -0.57709568  0.04288646  0.07337884
  0.04209796 -0.02951641  0.27175884  0.50785407 -0.07551907  0.07159757
 -0.03844442  0.07635382 -0.05942155 -0.26620094  0.1609118   0.14792093
 -0.29651898 -0.07187978]
[-0.00725153  0.0034522   0.00395835 -0.01704225  0.00126648  0.00216696
  0.0012432  -0.00087165  0.00802533  0.01499747 -0.00223016  0.00211435
 -0.0011353   0.00225481 -0.00175478 -0.0078612   0.0047519   0.00436826
 -0.00875652 -0.00212269]
9
[-2.65980072e-02 -2.18413071e-01 -1.81753437e-02 -8.86392101e-03
  7.54411297e-03  1.81482900e-01  8.18198603e-01  1.94982574e-02
 -1.45094913e-02 -6.11430266e-02 -8.83115899e-02 -4.57872033e-04
  1.03257720e-01 -1.90019081e-02 -4.96653952e-02 -1.89468580e-01
 -4.28243488e-01  3.78077996e-02 -3.35822984e-02 -3.56541905e-02]
[-7.12488881e-04 -5.85069714e-03 -4.86868439e-04 -2.37440539e-04
  2.02086441e-04  4.86143746e-03  2.19173340e-02  5.22305732e-04
 -3.88670143e-04 -1.63785679e-03 -2.36562933e-03 -1.22651569e-05
  2.76599583e-03 -5.09009873e-04 -1.33040199e-03 -5.07535228e-03
 -1.14714881e-02  1.01276899e-03 -8.99579205e-04 -9.55079609e-04]
10
[ 0.0222046  -0.0248402   0.26488718 -0.12157753 -0.03399833  0.08266668
 -0.05108008 -0.4049466  -0.08334017  0.09614166  0.04984284  0.06145967
  0.15743821 -0.26509453  0.02363863  0.02187872 -0.05662828 -0.21259431
  0.37645452 -0.65627139]
[ 0.00054922 -0.00061441  0.00655182 -0.00300714 -0.00084093  0.00204471
 -0.00126343 -0.0100161  -0.00206137  0.002378    0.00123283  0.00152017
  0.00389414 -0.00655695  0.00058469  0.00054116 -0.00140067 -0.00525839
  0.00931137 -0.01623246]
权值相加为：
0.8684962939830332
向量为：
[-0.02183432433471008, -0.17487279838454123, 0.06471139440358663, 0.09194724563780901, -0.0003403602984027141, 0.12868551450980345, -0.11914383313415847, 0.033620889870269254, 0.0317648345181879, 0.17531432817033737, -0.010658359194722463, -0.0005209275641810503, -0.03013718556933724, 0.031171269883540444, -0.16497923838443135, -0.06636855851614447, -0.1415769519809515, 0.10411905939753269, 0.10592387996822525, 0.00838815493378984]
归一化后为
[-0.48291034 -3.86766637  1.43122364  2.0335997  -0.00752776  2.84614097
 -2.63510735  0.74359412  0.7025437   3.87743169 -0.23573122 -0.01152137
 -0.66654494  0.68941581 -3.64885024 -1.46787519 -3.13126124  2.30280403
  2.34272129  0.18552105]
--------------------
花菜类
[0.34760383 0.27828055 0.23736377]
特征值
[0.54700744 0.94945515 1.11312227 1.39041544]
特征向量
0
[-0.43109341  0.64794277 -0.12127257  0.6161344 ]
[-0.14984972  0.22522739 -0.04215481  0.21417068]
1
[ 0.22389008  0.21556115 -0.91687162 -0.25050561]
[ 0.06230425  0.05998647 -0.25514754 -0.06971084]
2
[-0.87349155 -0.23898741 -0.16243587 -0.39180623]
[-0.20733525 -0.05672695 -0.03855639 -0.0930006 ]
权值相加为：
0.8632481508601338
向量为：
[-0.3415943787460647, 0.26468276956662534, -0.3890639480461092, 0.05961117828410437]
归一化后为
[ 0.84061103 -0.65134343  0.95742631 -0.14669391]
--------------------
水生根茎类
[0.38411735 0.21270399 0.16576334 0.12858621]
特征值
[1.92058691 0.54414556 0.64293108 0.82881678 1.06352004]
特征向量
0
[-0.42602639  0.52970029 -0.02629274  0.4955474   0.54005609]
[-0.16364413  0.20346707 -0.0100995   0.19034836  0.20744491]
1
[ 0.23453429  0.65772849 -0.25540011  0.1852558  -0.64252469]
[ 0.04988638  0.13990147 -0.05432462  0.03940465 -0.13666757]
2
[-0.25159909 -0.43372494  0.23324196  0.71881591 -0.42128665]
[-0.04170591 -0.0718957   0.03866297  0.11915333 -0.06983388]
3
[-0.83561788  0.028666   -0.17700305 -0.40683033 -0.32261434]
[-0.10744893  0.00368605 -0.02276015 -0.05231277 -0.04148375]
权值相加为：
0.8911708953697494
向量为：
[-0.295019273085809, 0.3087610993296192, -0.05444668748064971, 0.3328133434727003, -0.04549103934150445]
归一化后为
[-1.1962628   1.25198403 -0.22077387  1.34951259 -0.18445994]
--------------------
茄类
[0.25803174 0.18377286 0.15014164 0.12049142 0.11973758 0.08581532]
特征值
[2.06425404 1.470183   0.12962382 0.5264518  0.68652263 1.20113321
 0.95790068 0.96393143]
特征向量
0
[-0.24108429 -0.29621457  0.11982795 -0.0042982  -0.3129553  -0.16462743
  0.59484945  0.60072373]
[-0.0622074  -0.07643276  0.03091941 -0.00110907 -0.0807524  -0.0424791
  0.15349004  0.15500579]
1
[-0.52159547 -0.28541383 -0.04545535  0.00894771 -0.57260378 -0.25126653
 -0.36289379 -0.3487535 ]
[-0.09585509 -0.05245132 -0.00835346  0.00164435 -0.10522903 -0.04617597
 -0.06669003 -0.06409143]
2
[-2.18791720e-04 -7.60894616e-03 -3.85379292e-03 -3.95169099e-04
 -7.18960552e-03 -9.89832755e-03  7.05711311e-01 -7.08342380e-01]
[-3.28497476e-05 -1.14241966e-03 -5.78614790e-04 -5.93313365e-05
 -1.07945916e-03 -1.48615113e-03  1.05956654e-01 -1.06351687e-01]
3
[-0.60308351 -0.23643211 -0.22378524  0.00365995  0.71851224 -0.11674194
  0.01515022  0.01337395]
[-0.07266639 -0.02848804 -0.0269642   0.00044099  0.08657456 -0.0140664
  0.00182547  0.00161145]
4
[ 0.3480518  -0.65364627  0.5567123  -0.09863826  0.21800799 -0.23278574
 -0.12563987 -0.12019293]
[ 0.04167488 -0.07826602  0.06665938 -0.01181071  0.02610375 -0.0278732
 -0.01504381 -0.01439161]
5
[-0.33995891  0.41900336  0.73276455  0.40628701  0.07728727 -0.01300273
 -0.01367799 -0.02283915]
[-0.02917368  0.03595691  0.06288243  0.03486565  0.00663243 -0.00111583
 -0.00117378 -0.00195995]
权值相加为：
0.9179905546393461
向量为：
[-0.2377590172172276, -0.21876439431111602, 0.1356930586900761, 0.026113426495158656, -0.0738026681889102, -0.14509589049734758, 0.19429887780191837, -0.032873367137446]
归一化后为
[ 0.67508741  0.62115452 -0.38528371 -0.07414585  0.20955357  0.41198189
 -0.5516877   0.09333987]
--------------------
辣椒类
[0.38184996 0.18797063 0.10958833 0.08073359 0.06825723 0.05033219]
特征值
[3.81849991 1.87970641 1.09588334 0.80733593 0.68257236 0.50332191
 0.40644397 0.2270031  0.30668823 0.2725456 ]
特征向量
0
[-0.30325809  0.11909095 -0.23306197  0.42066841  0.40715612 -0.23293468
  0.43952448 -0.12143355  0.28686645  0.39027833]
[-0.11579909  0.04547488 -0.08899471  0.16063222  0.15547255 -0.0889461
  0.16783241 -0.0463694   0.10953994  0.14902776]
1
[-0.24536615 -0.61810463  0.22471481  0.00798002 -0.17757299 -0.37743141
 -0.05907634 -0.57238523 -0.04530411  0.00526537]
[-0.04612163 -0.11618552  0.04223978  0.00150001 -0.03337851 -0.07094602
 -0.01110462 -0.10759161 -0.00851584  0.00098973]
2
[ 0.45841944 -0.16084217  0.71215442  0.13070497  0.12026386 -0.14939495
  0.17390936  0.28999889  0.17737394  0.23905255]
[ 0.05023742 -0.01762642  0.07804381  0.01432374  0.01317951 -0.01637194
  0.01905844  0.03178049  0.01943811  0.02619737]
3
[ 0.10477577  0.1051219  -0.08580444 -0.37701295 -0.28023782 -0.0092822
 -0.0528837  -0.16499919  0.8447826   0.07856079]
[ 0.00845892  0.00848687 -0.0069273  -0.03043761 -0.0226246  -0.00074938
 -0.00426949 -0.01332098  0.06820233  0.00634249]
4
[ 0.36763358  0.28942163 -0.25356217  0.05410273 -0.2070743  -0.79771864
 -0.08025644  0.04114476 -0.15233549 -0.05731411]
[ 0.02509365  0.01975512 -0.01730745  0.0036929  -0.01413432 -0.05445007
 -0.00547808  0.00280843 -0.010398   -0.0039121 ]
5
[ 0.432207    0.07588606 -0.13808811  0.1060592  -0.255969    0.32419795
  0.02458069 -0.43161728 -0.24944741  0.59780883]
[ 0.02175392  0.00381951 -0.00695028  0.00533819 -0.01288348  0.01631759
  0.0012372  -0.02172424 -0.01255523  0.03008903]
权值相加为：
0.8787319184666923
向量为：
[-0.0641569978188977, -0.06404178980133195, 0.00011819385468875363, 0.17644681745750737, 0.09744855450436263, -0.24483680963759893, 0.19036050292971213, -0.17572743485714057, 0.18858005043842122, 0.23754034677184568]
归一化后为
[-1.87740990e-01 -1.87403860e-01  3.45867670e-04  5.16331832e-01
  2.85161226e-01 -7.16459727e-01  5.57047096e-01 -5.14226721e-01
  5.51837003e-01  6.95108273e-01]
--------------------
食用菌
[0.24615922 0.11647472 0.09838976 0.08845955 0.07783534 0.05984026
 0.0501127  0.04217809 0.03734317 0.03588324]
特征值
[4.67702544 2.21301989 1.86940566 1.68073163 1.47887157 1.13696495
 0.95214134 0.80138375 0.7095202  0.68178156 0.61608553 0.42319121
 0.35002954 0.2995889  0.28970006 0.24815158 0.17508204 0.19480218
 0.20252442]
特征向量
0
[ 0.22059916 -0.20216372  0.1163204  -0.20328515  0.11152648 -0.04384162
  0.34189299  0.18435059  0.37751865  0.17761221  0.21364295  0.27362433
  0.28431177  0.30487461 -0.12200732  0.21011302 -0.11125329 -0.14930981
  0.35820196]
[ 0.05430252 -0.04976446  0.02863334 -0.05004051  0.02745327 -0.01079202
  0.08416011  0.0453796   0.09292969  0.04372088  0.05259018  0.06735515
  0.06998596  0.0750477  -0.03003322  0.05172126 -0.02738602 -0.03675399
  0.08817471]
1
[ 0.36058846 -0.35386569  0.11365788 -0.35396421  0.01007479  0.14368297
 -0.17272957 -0.35827345  0.07594061 -0.1072017  -0.32725856 -0.10253141
  0.29535297 -0.18830466 -0.15339718 -0.01818291 -0.06744303 -0.24312159
 -0.28727087]
[ 0.04199944 -0.04121641  0.01323827 -0.04122788  0.00117346  0.01673543
 -0.02011863 -0.0417298   0.00884516 -0.01248629 -0.03811735 -0.01194232
  0.03440116 -0.02193273 -0.01786689 -0.00211785 -0.00785541 -0.02831752
 -0.0334598 ]
2
[-0.15105015 -0.28571994 -0.16394397 -0.12078084 -0.30882471  0.35080264
  0.0665122   0.24161476 -0.18274949 -0.14816176 -0.20756605  0.37277973
 -0.14081681  0.23056211  0.1183959  -0.36510717  0.14605547 -0.29966557
  0.0633021 ]
[-0.01486179 -0.02811192 -0.01613041 -0.0118836  -0.03038519  0.03451539
  0.00654412  0.02377242 -0.01798068 -0.0145776  -0.02042237  0.03667771
 -0.01385493  0.02268495  0.01164895 -0.03592281  0.01437036 -0.02948402
  0.00622828]
3
[ 0.31534116  0.03639168 -0.42725101  0.14504695 -0.25206567 -0.46989602
 -0.33078704  0.22380342  0.14283689 -0.05287681  0.01663318  0.01625319
  0.31810897  0.12848106  0.03943997 -0.31103173 -0.0875374   0.03547051
 -0.05611664]
[ 0.02789494  0.00321919 -0.03779443  0.01283079 -0.02229762 -0.04156679
 -0.02926127  0.01979755  0.01263529 -0.00467746  0.00147136  0.00143775
  0.02813978  0.01136538  0.00348884 -0.02751373 -0.00774352  0.00313771
 -0.00496405]
4
[-0.10074272 -0.30743889 -0.41256544  0.04701533  0.32078768 -0.12252025
  0.03192488  0.21247001  0.02479145  0.06136997 -0.0340243  -0.30837178
 -0.06130341 -0.20408267  0.36109396  0.29072438  0.11435245 -0.42915086
  0.02523679]
[-0.00784134 -0.02392961 -0.03211217  0.00365945  0.02496862 -0.00953641
  0.00248488  0.01653768  0.00192965  0.00477675 -0.00264829 -0.02400222
 -0.00477157 -0.01588484  0.02810587  0.02262863  0.00890066 -0.0334031
  0.00196431]
5
[ 0.0707841   0.00858048 -0.02957504  0.2828587   0.0628903   0.04425075
 -0.03181112  0.05537186  0.09348269 -0.118711   -0.00656876 -0.02990642
  0.09494547 -0.01207617 -0.50865853  0.05482386  0.77505583 -0.08317907
  0.04173932]
[ 0.00423574  0.00051346 -0.00176978  0.01692634  0.00376337  0.00264798
 -0.00190359  0.00331347  0.00559403 -0.0071037  -0.00039308 -0.00178961
  0.00568156 -0.00072264 -0.03043826  0.00328067  0.04637954 -0.00497746
  0.00249769]
6
[-0.19034351 -0.17007275 -0.3869414  -0.24194948  0.29811804 -0.12483805
 -0.00615627 -0.02311405 -0.11632479 -0.50081049  0.00721411  0.06767339
 -0.14182041  0.10890038 -0.43469819  0.10356591 -0.23405462  0.24596282
  0.07507332]
[-0.00953863 -0.0085228  -0.01939068 -0.01212474  0.0149395  -0.00625597
 -0.00030851 -0.00115831 -0.00582935 -0.02509697  0.00036152  0.0033913
 -0.007107    0.00545729 -0.0217839   0.00518997 -0.01172911  0.01232586
  0.00376213]
7
[-0.13157643 -0.12284503 -0.27687167 -0.23348552 -0.07438323 -0.0589724
 -0.04025911 -0.00341256 -0.05190387  0.77402678 -0.23975062 -0.01549115
 -0.13632311 -0.02159245 -0.3159315  -0.03373403  0.05236425  0.20845812
 -0.00712491]
[-0.00554964 -0.00518137 -0.01167792 -0.00984797 -0.00313734 -0.00248734
 -0.00169805 -0.00014394 -0.00218921  0.03264697 -0.01011222 -0.00065339
 -0.00574985 -0.00091073 -0.01332539 -0.00142284  0.00220862  0.00879237
 -0.00030051]
8
[-0.02300163 -0.19841511 -0.02929036  0.22483569  0.09230581 -0.18161029
 -0.11959174 -0.48356547 -0.16937393  0.17575532  0.46960116  0.20813042
 -0.1914751   0.26690111 -0.09131502 -0.08188562 -0.03992923 -0.35369584
 -0.21446275]
[-0.00085895 -0.00740945 -0.00109379  0.00839608  0.00344699 -0.0067819
 -0.00446593 -0.01805787 -0.00632496  0.00656326  0.01753639  0.00777225
 -0.00715029  0.00996693 -0.00340999 -0.00305787 -0.00149108 -0.01320812
 -0.00800872]
9
[ 0.160311    0.08150508 -0.06339077  0.09974542  0.67392141  0.3659351
 -0.12164179  0.23055608 -0.03725168  0.15518459  0.10114547  0.21923394
  0.13570929 -0.11645786  0.02330912 -0.36826309 -0.06980828  0.11235675
 -0.16809758]
[ 0.00575248  0.00292467 -0.00227467  0.00357919  0.02418248  0.01313094
 -0.0043649   0.0082731  -0.00133671  0.00556853  0.00362943  0.00786682
  0.00486969 -0.00417889  0.00083641 -0.01321447 -0.00250495  0.00403172
 -0.00603189]
权值相加为：
0.8526760397341847
向量为：
[0.1120410950044616, -0.18468761519696117, -0.09425882095505941, -0.09350897628959186, 0.051728370333232944, -0.012185987612770994, 0.03643614843676713, 0.0656567044498171, 0.10352456702939614, 0.03440272759099292, 0.0045686374748681695, 0.10099198270748437, 0.12249025205107401, 0.09486887558510643, -0.08535198030262164, -0.0005031625456261799, 0.01542097738232101, -0.13821961801930846, 0.058477258420132155]
归一化后为
[ 0.58387752 -0.96245888 -0.49120911 -0.48730146  0.26957102 -0.06350459
  0.18987897  0.34215547  0.53949551  0.17928225  0.02380845  0.5262975
  0.638331    0.49438827 -0.44479307 -0.00262212  0.08036303 -0.72030113
  0.30474137]